5007020679
5676389302
1124591122
1748768168
6113492719
6284316351
6162502182
6135715407
6022397522
6171487540
5844191623
6039472409
5296785049
5562922602
5729689895
644761045
6185887719
5972743964
5332104537
6188640116
6216961976
5646393741
6091764844
2139047522
6007069316
5972213869
5171513349
5281568404
6210723676
6164780078
5212780324
1380246219
6222751559
5394945701
5702751614
6178749332
2134456129
1822572241
6238196122
5560346444
5888683686
6290520293
1817812606
1450470861
1895722353
6112464802
1619061748
5840530607
6253220740
5191105414
1451106030
2001775225
1360934743
5517002921
1728616779
521994648
1216892626
6049748352
6284309681
6226841090
6006071035
5868004683
6155393894
5651560983
5171452498
6244589394
5845332205
1649628572
5041027450
5048669407
5759273051
1457177565
5547250311
912067604
5914745866
1268398397
1976682942
5930380044
6295161134
6061599105
6063225768
668724427
1255814657
1066586022
5354604865
6017525591
6015798067
6197654724
5846622232
6095139684
2146951035
2117853466
5029436379
5098795221
1952373372
5092182944
2058093939
5032680295
2120704257
2147006457
2125120468
2120840861
5815834740
5804382845
6009380958
6211936312
6099200762
6047144998
5998918450
5854972507
5800254952
6125443119
5840055697
6109315848
6118137828
6175596591
6289322977
6138617115
6028109251
5881736706
5214142299
5370581948
5332770688
5264800577
5343426035
5209147616
5389497858
5309701512
5563294601
5441866925
5665765015
5138308321
5107920733
1612003631
5668290696
5653781715
6209732574
6199439366
5681610595
5990389667
5643535727
5290226281
6186254258
5692821406
5181476639
6126606697
6055185561
6032041941
6203933375
6083450717
6115518310
5989985051
6093175054
6059916957
6136754960
5854735925
6221751460
6254609193
5032002920
6239416200
5859833227
6080879759
6158425194
6078792951
6103129935
6216826410
5863166211
5685651644
5117093400
5300250830
5126424683
5273515234
5124982380
5848734513
5025321846
2136257348
5160932739
1167124569
2117630637
6246792534
5984817790
6222974119
6205240657
5217901022
1830619499
5140915602
5897883319
5459666591
1792580896
1364125234
1563217942
1210044489
6252166703
2072816495
1682167020
5691985517
6022473598
5998052118
1991235655
5868396403
